coord_lat,coord_long,name,review_count,is_successful,rating,knn_imp_price,scaled_lat,scaled_long,dbscan_cluster
40.727947,-73.988489,Le Fournil,4.770684624465665,1,20.25,2.0,-0.5940122730207391,-0.07543974363315084,0
40.782425,-73.9811603,Mille-Feuille Bakery,6.089044875446846,1,20.25,2.0,1.600727657670841,0.40112904339541455,1
40.72516,-74.00296,Dominique Ansel Bakery,8.591186871324563,1,16.0,2.0,-0.7062913615855252,-1.0164561472365836,3
40.7226892950401,-73.9982149184027,Balthazar,8.193953023563742,1,16.0,3.0,-0.8058279604412039,-0.7078942220412234,0
40.70961,-74.0093799,La Parisienne,6.736966958001855,1,20.25,2.0,-1.3327498571665346,-1.4339277255304856,2
40.71991,-73.9872,Supermoon Bakehouse,6.893656354602635,1,20.25,2.0,-0.9177966414441537,0.008381011272845762,0
40.7327402,-74.0018208,Patisserie Claude,5.60947179518496,1,16.0,1.0,-0.40090996684587865,-0.9423765475556769,3
40.72276,-73.99842,Balthazar Boulangerie,5.976350909297934,1,16.0,2.0,-0.80297948952089,-0.7212302145183951,0
40.706200062546294,-74.00226642004867,Tin Building by Jean-Georges,4.941642422609304,1,16.0,2.0,-1.4701250524894818,-0.9713542115435867,2
40.75316,-73.98491,Angelina,6.063785208687608,1,16.0,2.0,0.4217367976596349,0.15729453240157273,4
40.72183,-73.98719,Dirty French,6.6052979209482015,1,16.0,3.0,-0.8404461390959763,0.009031288657893169,0
40.760153883881,-73.990944257291,Schmackary's,7.708410667257367,1,16.0,1.0,0.7034974390975338,-0.23509957266373419,5
40.76121,-73.99024,Amy's Bread,7.087573705557973,1,16.0,1.0,0.7460448934425218,-0.189303313718727,5
40.73451,-74.00062,Jack's Stir Brew Coffee,5.552959584921617,1,16.0,2.0,-0.32961052983766087,-0.8642912391835437,3
40.72850883077059,-73.98615170270205,Lady Wong,5.3471075307174685,1,20.25,2.0,-0.5713779540936189,0.07654941381791512,0
40.71656,-73.99822,Keki Modern Cakes,6.608000625296087,1,16.0,2.0,-1.052757153353749,-0.7082246668220675,0
40.729431,-73.984541,Veniero's,7.77863014732581,1,16.0,2.0,-0.5342267805808306,0.18128976790261403,0
40.729463036209495,-73.98684812477497,La Cabra,5.5909869805108565,1,20.25,2.0,-0.5329361467798366,0.03126266138550558,0
40.735034,-73.993047,Patisserie Fouet,6.07993319509559,1,16.0,2.0,-0.3085002885718411,-0.3718361756438701,6
40.7215431969029,-73.9972332037048,Eileen's Special Cheesecake,7.5595594960077,1,20.25,2.0,-0.8520004951561359,-0.6440555354001645,0
40.71595284077857,-73.99300267095114,Kuih Cafe,4.406719247264253,1,20.25,2.0,-1.0772176068865977,-0.36895355784723166,0
40.75498,-73.99166,Angelina Bakery,6.411818267709897,1,20.25,2.0,0.49505862801066053,-0.2816427023658875,9
40.710233,-74.011849,Lady M Cake Boutique,5.389071729816501,1,16.0,2.0,-1.307651230623148,-1.594487714621512,2
40.73083,-74.00265,Pasticceria Rocco,7.044032897274685,1,16.0,1.0,-0.4778656593385727,-0.9962975483065826,3
40.779961,-73.980299,"Levain Bakery - Original Location, 74th St, NYC",9.173468897200278,1,20.25,2.0,1.501461179657127,0.4571374345515647,1
40.71763,-73.99714,Sweet Moment,6.98933526597456,1,20.25,2.0,-1.00965036298265,-0.637994709259126,0
40.72736771772591,-73.9831177,Confectionery,5.093750200806762,1,25.0,2.0,-0.6173496557822964,0.2738437480869696,0
40.72939,-73.98892,Spot Dessert Bar,8.134174272137903,1,16.0,2.0,-0.5358785360995627,-0.10346669891926824,0
40.72947,-73.98813,Cha-An,7.582738488914411,1,16.0,2.0,-0.5326555985018412,-0.05209478551715693,0
40.72951,-73.98643,Prince Tea House,5.82600010738045,1,20.25,2.0,-0.5310441297029804,0.05845236990578635,0
40.7232107708636,-74.002450627852,MarieBelle,6.476972362889683,1,20.25,3.0,-0.7848194099669802,-0.9833328284052066,3
40.7478576793883,-73.9865590631962,Grace Street,8.122668023346407,1,16.0,2.0,0.20812369196859362,0.050059682135508786,7
40.723644,-74.00325,Pi Bakerie,5.793013608384144,1,20.25,2.0,-0.7673660290647512,-1.0353141913964896,3
40.72028,-73.9984,Maman,6.641182169740591,1,16.0,2.0,-0.9028905550539763,-0.7199296597492244,0
40.714158,-73.990942,The Little One,5.707110264748875,1,16.0,2.0,-1.1495258547291427,-0.23495278613482376,0
40.7208686954984,-73.9886739484795,Rawsome Treats,4.812184355372417,1,20.25,2.0,-0.8791739443605169,-0.08746652499112408,0
40.715768,-73.9992981,Alimama,7.493873886783559,1,20.25,2.0,-1.0846642355725653,-0.7783310716818315,0
40.74699,-73.9854,Hokkaido Baked Cheese Tart,4.465908118654584,1,16.0,2.0,0.17316773542577843,0.12543094054441492,7
40.71898,-73.99479,Prince Tea House,5.480638923341991,1,16.0,2.0,-0.9552632910189537,-0.4851795238210387,0
40.7291965397419,-74.0015334018494,Posh Pop Bakeshop,6.1903154058531475,1,16.0,2.0,-0.5436724153436738,-0.9236876957773736,3
40.7178308,-73.995106,Kam Boat Bakery & Cafe,5.25227342804663,1,20.25,1.0,-1.0015607896119914,-0.5057282891828073,0
40.7274461088028,-74.0016795987419,Brigadeiro Bakery,4.976733742420574,1,16.0,2.0,-0.6141915364192345,-0.9331945490701423,3
40.78122494966741,-73.9602662713214,Cafe Sabarsky,6.405228458030842,1,16.0,2.0,1.552381565968142,1.7598204761865348,1
40.726157,-73.9946634,"Levain Bakery - NoHo, NYC",6.320768294250582,1,20.25,2.0,-0.666125501772476,-0.4769470121288521,0
40.71741936531534,-73.99833176411512,La Bella Ferrara,6.214608098422191,1,16.0,1.0,-1.0181361435402823,-0.7154924344718847,0
40.7600399,-73.99168,Poseidon Bakery,5.327876168789581,1,20.25,1.0,0.6989054024022269,-0.2829432571359823,5
40.78413,-73.97879,Janie’s Life Changing Baked Goods,4.897839799950911,1,20.25,2.0,1.6694165152246407,0.5552642919239837,1
40.7141357508495,-73.9988519623876,Pinklady Cheese Tart,5.777652323222656,1,20.25,2.0,-1.150422200024857,-0.7493197516947723,0
40.73464,-73.9929,Blue Stripes Cacao Shop,6.0867747269123065,1,20.25,2.0,-0.3243732562412204,-0.3622770980868152,6
40.72077,-73.99646,Urban Backyard,5.648974238161206,1,20.25,2.0,-0.8831500622672168,-0.5937758470897638,0
40.72093282709165,-73.989934,Kabisera,5.135798437050262,1,20.25,2.0,-0.876590292821895,-0.16940482574292987,0
40.72191,-73.98841,Kinky’s Dessert Bar,4.727387818712341,1,16.0,1.0,-0.8372232014979686,-0.0703025522929397,0
40.715090625103635,-73.99315746441712,Round K by Sol,4.804021044733257,1,16.0,2.0,-1.111953448339088,-0.3790194268720999,0
40.70568649199326,-74.00218961453646,Carne Mare,5.41164605185504,1,20.25,2.0,-1.4908151255458886,-0.9663597227815868,2
40.7141678,-73.99370557235935,Fong On,5.594711379601839,1,20.25,1.0,-1.1491310448733731,-0.41466164680000195,0
40.71387,-73.99091,Kopitiam,6.889591308354466,1,16.0,2.0,-1.1611284300812834,-0.2328718985030417,0
40.767293267841474,-73.98145649047221,Magnolia Bakery Central Park South,4.634728988229636,1,16.0,2.0,0.9911198014930651,0.38186844682688226,8
40.71789,-73.9988,Taiyaki NYC,8.10832229017324,1,20.25,1.0,-0.9991758157897691,-0.7459407551428038,0
40.717286,-73.9996625,Sweets Bakery,4.634728988229636,1,16.0,1.0,-1.0235089946533105,-0.8020271795851226,0
40.72577,-74.00136,L.A. Burdick Handmade Chocolates,5.0369526024136295,1,20.25,2.0,-0.6817164624021834,-0.9124117656622661,3
40.72063,-73.99275,Gooey on The Inside,5.60947179518496,1,16.0,1.0,-0.8887902030635156,-0.3525229373138764,0
40.7422315833701,-74.005732430619,Amy's Bread,5.860786223465865,1,16.0,1.0,-0.01853326285797506,-1.196741040494473,11
40.78477,-73.976912,Barachou,4.852030263919617,1,20.25,2.0,1.6952000160075575,0.6773863847974441,1
40.7152930293439,-73.9986442157158,46,4.574710978503383,1,20.25,1.0,-1.1037992453902798,-0.7358104554497011,0
40.72911,-73.98858,Mango Mango Dessert,6.3473892096560105,1,16.0,2.0,-0.5471588176921602,-0.08135726783504922,0
40.747299404730406,-73.98799936399958,Bear Donut,4.795790545596741,1,20.25,1.0,0.18563263715809503,-0.04359982184518852,7
40.72139,-73.99545,Stick With Me,5.75890177387728,1,20.25,3.0,-0.8581722958840168,-0.5280978312212301,0
40.729564,-73.98786,Hi-Collar,6.678342114654332,1,16.0,2.0,-0.5288686468242036,-0.03453729612642156,0
40.7346,-74.00193,Té Company,5.278114659230517,1,25.0,2.0,-0.3259847250400811,-0.949477576597955,3
40.730934,-73.989318,Sundaes and Cones,7.392647520721623,1,20.25,2.0,-0.47367584046136313,-0.12934773883620776,0
40.71792,-73.988317,Cafe d’Avignon - Essex Market,4.736198448394496,1,20.25,2.0,-0.9979672141904805,-0.06425497261347739,0
40.70732,-74.00159,The Paris Cafe,5.929589143389895,1,16.0,2.0,-1.425006445904603,-0.9273681455128119,2
40.730508,-74.001238,Da Toscano,4.919980925828125,1,20.25,2.0,-0.49083798316977373,-0.9044783815669056,3
40.7203575,-73.9883391,Creperie,6.214608098422191,1,16.0,1.0,-0.8997683342562195,-0.0656920856345985,0
40.75277,-73.98345,ROYCE' Bryant Park,5.407171771460119,1,20.25,2.0,0.4060249768700272,0.2522350305879988,4
40.73240001181511,-74.00532068435112,Little Owl,7.282761179605593,1,16.0,3.0,-0.41461503298880115,-1.1699661118645575,3
40.721845,-73.995802,Rice To Riches,8.073091199693154,1,16.0,2.0,-0.8398418382961889,-0.5509875951671364,0
40.72808,-73.99066,Librae Bakery,5.075173815233827,1,20.25,2.0,-0.5886541392643984,-0.21661496388240115,0
40.7313423,-74.0028996,Baker & Co,6.579251212010101,1,16.0,2.0,-0.4572267726962208,-1.0125284718324497,3
40.7332670924819,-73.9929751334153,Peacefood Cafe Downtown,6.729824070489475,1,16.0,2.0,-0.3796831969716461,-0.36716285416795436,6
40.7065,-74.00777,Black Fox Coffee,5.58724865840025,1,16.0,2.0,-1.4580415562826792,-1.329239569344583,2
40.724617,-74.002389,mochidoki,4.9344739331306915,1,16.0,2.0,-0.7281670505309039,-0.9793253085616507,3
40.71528,-73.99811,Mango Mango Dessert,6.665683717782408,1,16.0,2.0,-1.104324154919296,-0.7010716155883943,0
40.72683167,-73.98754333,Aoi Kitchen,5.517452896464707,1,20.25,2.0,-0.6389452604081739,-0.013944962180422158,0
40.717937,-73.99891233660313,The Dough Club,6.068425588244111,1,16.0,2.0,-0.9972823399509504,-0.7532457503929244,0
40.72594985982654,-74.0013978271932,Vesuvio Bakery,5.7899601708972535,1,16.0,2.0,-0.6744704999357558,-0.9148715824890323,3
40.7341962235334,-74.007479016899,The Elk,5.214935757608986,1,16.0,2.0,-0.34225155448162203,-1.3103175963497329,10
40.72180362146175,-73.99648359999999,Wan Wan,4.672828834461906,1,20.25,2.0,-0.8415088438795262,-0.5953105017174407,0
40.78485,-73.97955,Zabar's,7.097548850614793,1,16.0,2.0,1.6984229536052788,0.5058432106760905,1
40.72944,-73.98934,Spot Dessert Bar,5.768320995793772,1,20.25,2.0,-0.5338642001011299,-0.13077834908294242,0
40.72967,-74.00421,Sveta,5.666426688112432,1,16.0,2.0,-0.5245982545072513,-1.0977408203416346,3
40.733063,-74.0028772,Boucherie West Village,7.725330037917135,1,20.25,3.0,-0.38790541363860886,-1.0110718504900174,3
40.7289445,-74.0015073,Dame,5.0689042022202315,1,16.0,2.0,-0.5538262698477542,-0.9219903515406321,3
40.721476,-73.988248,Saigon Social,5.2832037287379885,1,20.25,2.0,-0.8547076379662086,-0.059768058658313666,0
40.71551,-73.99022,Macaron Parlour,5.996452088619021,1,16.0,2.0,-1.0950582093254173,-0.18800275894863216,0
40.715452,-73.99818,Chinatown Ice Cream Factory,8.048149101665201,1,16.0,1.0,-1.0973948390839658,-0.7056235572828019,0
40.71244,-73.994,Golden Diner,6.059123195581797,1,20.25,2.0,-1.2187384396427012,-0.4338076104189274,0
40.7324,-74.0038,Chip City - West Village,5.4638318050256105,1,20.25,1.0,-0.4146155089808561,-1.0710794475630077,3
40.729998660113,-74.0038951001712,The Grey Dog,6.066108090103747,1,16.0,2.0,-0.5113576165685683,-1.077263596626126,3
40.7183880810035,-73.9946562419968,Hot Mini Cakes,4.465908118654584,1,20.25,1.0,-0.9791097658776121,-0.4764815433686975,0
40.7536963373423,-73.9910175651312,Ramini Espresso Bar & Cafe,5.225746673713202,1,20.25,1.0,0.4433440699798257,-0.23986661572486215,9
40.720572,-73.995206,Kimika,5.860786223465865,1,16.0,3.0,-0.8911268328220641,-0.512231063030509,0
40.7357460797343,-73.9928742229649,Le Café Coffee,5.214935757608986,1,20.25,2.0,-0.27981293171764976,-0.36060087578907707,6
40.7214398332376,-73.9994008558221,Harney & Sons SoHo,6.659293919683638,1,20.25,2.0,-0.8561646781953146,-0.7850130504089576,0
40.7565,-73.98427,Gatsby's Landing Times Square,4.844187086458591,1,20.25,2.0,0.5562944423696581,0.19891228503166933,4
40.75905,-73.99032,Vanilla Gorilla Cafe,5.0369526024136295,1,20.25,1.0,0.6590255783008938,-0.19450553279725805,5
40.7856907,-73.972613,Viand,5.25227342804663,1,16.0,2.0,1.73229199908681,0.9569406325407953,1
40.7183878,-74.0015522,Au Cheval,6.739336627357174,1,20.25,3.0,-0.9791210865869827,-0.9249100969989591,0
40.7603099,-73.99087,Bird & Branch,6.061456918928017,1,20.25,2.0,0.7097828167949661,-0.23027078896377617,5
40.72803,-74.00097,Senza Gluten by Jemiko Cafe & Bakery,4.543294782270004,1,20.25,2.0,-0.5906684752631174,-0.88705094765281,3
40.72697,-73.98546,7th Street Burger,5.733341276897746,1,20.25,2.0,-0.6333723984343579,0.12152927623505458,0
40.73069,-74.00015,La Lanterna Di Vittorio,7.41336733569524,1,16.0,2.0,-0.4835058001345853,-0.8337282020964806,3
40.716337,-73.988577,Doughnut Plant,8.143807976771484,1,20.25,2.0,-1.0617410919076695,-0.08116218462008946,0
40.731151,-74.003547,The Doughnut Project,6.396929655216146,1,20.25,2.0,-0.4649336222272431,-1.0546274297264833,3
40.714349,-73.992054,Michaeli Bakery,5.062595033026967,1,25.0,2.0,-1.1418310912142535,-0.3072636313286232,0
40.72820997932925,-73.98772377260063,Mochinut - East Village,4.465908118654584,1,16.0,2.0,-0.5834176984245495,-0.025678736426056725,0
40.73661,-73.99179509999999,Breads Bakery,7.080026499922591,1,20.25,2.0,-0.24500841789432395,-0.29042794983471754,6
40.7405,-74.00471,Fabrique Bakery,5.634789603169249,1,20.25,2.0,-0.08829307719925014,-1.1302546895838397,11
40.74832675043636,-73.98686625525188,Mochi Mochi Donut,4.624972813284271,1,16.0,2.0,0.2270210259294876,0.030083677473946965,7
40.72806602783336,-73.9853215,Stuffed Ice Cream,6.645090969505644,1,20.25,2.0,-0.5892170320292992,0.1305356180154661,0
40.7264944895101,-73.9841490983963,Butter Lane,7.142827401161621,1,16.0,1.0,-0.6525291563851644,0.2067742428989796,0
40.70838968823975,-74.00578177901109,Hole In The Wall,6.646390514847729,1,16.0,2.0,-1.3819122153315224,-1.1999500548293947,2
40.7155758,-73.9979585,Mei Lai Wah Bakery,7.45876269238096,1,16.0,1.0,-1.0924073431511283,-0.6912199132079755,0
40.73014,-74.00248,Molly's Cupcakes,7.507690077819904,1,20.25,2.0,-0.5056634961199221,-0.9852428327644731,3
40.7197229753629,-73.98919771717,Wildair,5.43372200355424,1,16.0,3.0,-0.9253312506270555,-0.12152601842305788,0
40.78229,-73.97873,Daily Provisions,5.278114659230517,1,16.0,2.0,1.5952889504744712,0.5591659562333441,1
40.7262776243945,-73.9835707495258,Ray's Candy Store,6.150602768446279,1,20.25,1.0,-0.6612659405694259,0.2443829620027466,0
40.719851,-73.987011,Sugar Sweet Sunshine Bakery,7.663407664893479,1,16.0,1.0,-0.9201735579225735,0.020671253846730162,0
40.7522683,-73.9910861,Best Bagel & Coffee,8.426830751335846,1,20.25,1.0,0.3858131294595136,-0.2443232832503813,9
40.7217399,-73.98739,Sweet Chick,7.553810852008231,1,16.0,2.0,-0.8440759725653142,-0.003974259039358559,0
40.72606,-73.99433,KITH Treats,5.602118820879701,1,16.0,2.0,-0.6700333136100138,-0.4552667641190231,0
40.72558,-73.98956,The Bean,6.295266001439646,1,16.0,1.0,-0.6893709391969151,-0.14508445154936483,0
40.73115,-74.00176,Fay Da Bakery,5.5053315359323625,1,16.0,1.0,-0.46497390894711443,-0.9384228610558455,3
40.7210275432472,-73.9944903889549,Yours Truly,4.672828834461906,1,16.0,2.0,-0.8727744895862658,-0.46569649513373873,0
40.7059898376465,-74.0125961303711,Gregorys Coffee,5.19295685089021,1,16.0,2.0,-1.478594324158913,-1.643071913006655,2
40.722589,-73.9882828294139,Russ & Daughters,7.935229539816907,1,20.25,2.0,-0.8098685186363488,-0.062032936677338925,0
40.709659,-74.009262,The Malt House,6.428105272684596,1,16.0,2.0,-1.330775807887687,-1.4262609551637153,2
40.7307100207,-73.994362572,Whistle & Fizz,5.634789603169249,1,25.0,2.0,-0.48269923180005403,-0.45738484761659925,6
40.72905,-73.98668,MUD,7.204892510204673,1,16.0,2.0,-0.5495760208904513,0.0421954352842217,0
40.7344208102318,-74.0012722836729,Van Leeuwen Ice Cream - West Village,6.317164686747284,1,20.25,2.0,-0.3332036930534627,-0.9067077712827329,3
40.7521922375529,-73.985756306206,Culture Espresso,7.0192966537150445,1,16.0,2.0,0.3827488229527355,0.10226115376031858,4
40.7608108520508,-73.9889984130859,Frisson Espresso,6.78897174299217,1,20.25,1.0,0.7299645317854553,-0.10856572456301718,5
40.7196523,-73.9884113,Caffe Vita,5.351858133476067,1,20.25,2.0,-0.9281785291811588,-0.07038708835257079,0
40.7180405,-73.9972076,12 Corners,5.062595033026967,1,20.25,1.0,-0.9931126644336764,-0.6423905843802722,0
40.71512,-73.99015,Cafe Grumpy,4.941642422609304,1,16.0,1.0,-1.1107700301150252,-0.18345081725514853,0
40.72933,-73.99865,The Uncommons,6.049733455231958,1,16.0,1.0,-0.53829573929814,-0.736186594369865,3
40.72068678210789,-73.99661435889556,Figo Il Gelato Italiano,6.238324625039508,1,20.25,2.0,-0.8865026381834605,-0.6038134569827415,0
40.710971,-74.005676,Birch Coffee,4.454347296253507,1,16.0,2.0,-1.2779196312831085,-1.1930714849589041,2
40.73064,-73.98578,Tompkins Square Bagels -  2nd Ave,6.063785208687608,1,16.0,1.0,-0.4855201361333043,0.10072039992000627,0
40.747737,-73.986212,Sweet Churros,6.326149473155099,1,16.0,1.0,0.20326191524580495,0.07262841689556895,7
40.781532,-73.979286,"Levain Bakery - Upper West Side, NYC",6.577861357721047,1,20.25,2.0,1.564751616734715,0.5230105336359823,1
40.7315227,-74.0032698,CONES - Artisanal Ice Cream,6.456769655572163,1,16.0,2.0,-0.44995904841316997,-1.0366017406187356,3
40.7073064192213,-74.0122090517805,Bean & Bean Coffee Roasters,5.318119993844216,1,16.0,2.0,-1.42555357093335,-1.6179010676448622,2
40.72396,-73.99643,La Colombe SOHO,6.559615237493242,1,20.25,2.0,-0.7546354255533507,-0.5918250149355457,0
40.725419,-73.994874,Gasoline Alley Coffee,5.627621113690637,1,16.0,2.0,-0.6958571011125155,-0.4906418538537735,0
40.7597589,-73.99142128424079,Marseille,7.047517221357296,1,16.0,3.0,0.6875848340897579,-0.26611955640396967,5
40.7332972,-74.0005659,Joe Coffee Company,5.902633333401366,1,16.0,1.0,-0.37847026382086996,-0.8607732385315645,3
40.730139,-73.9901293,Bluestone Lane,5.017279836814924,1,16.0,2.0,-0.5057037828397934,-0.18210474306896904,0
40.7187029822397,-74.0004725370878,Kaigo Coffee Room,5.2574953720277815,1,20.25,2.0,-0.9664234279558797,-0.8547020594931709,0
40.75255,-73.99249,Liberty Bagels Midtown,7.252053951852814,1,20.25,1.0,0.39716189847600697,-0.3356157253081884,9
40.72964636531206,-73.98620154365136,ChikaLicious Dessert Bar,7.22402480828583,1,16.0,2.0,-0.5255504185620155,0.07330836959998531,0
40.7456663381275,-73.9880916348562,Stumptown Coffee Roasters,7.275864600546533,1,20.25,2.0,0.11984174022947994,-0.04959998697959666,7
40.74738,-73.98627,Paris Baguette ,6.637258031284457,1,16.0,2.0,0.18887955621538613,0.06885680806284845,7
40.75322163402108,-73.9912979,Culture 36,4.976733742420574,1,16.0,2.0,0.4242198302076865,-0.2580961582614715,9
40.76135,-73.98995,UT47,5.976350909297934,1,20.25,2.0,0.7516850342388206,-0.1704452695578968,5
40.76247,-73.9901,Mom's Kitchen & Bar,7.4815557019095165,1,20.25,2.0,0.7968061606086385,-0.1801994303308356,5
40.75414,-73.99245,Non Solo Piada,6.045005314036012,1,20.25,2.0,0.461217783233154,-0.3330146157689229,9
40.731082677972,-74.002970759724,Murray's Cheese - Bleecker,6.597145701886651,1,20.25,2.0,-0.46768609263725164,-1.0171558277544823,3
40.72634,-73.98478,Ho Foods,6.037870919922137,1,16.0,2.0,-0.6587530320174162,0.1657481384044167,0
40.71885,-73.99668,Haven Cafe,4.454347296253507,1,20.25,1.0,-0.9605005646153942,-0.6080819495561863,0
40.74747,-73.98648,Woorijip,7.967626739333816,1,16.0,2.0,0.1925053610129659,0.055200982981473426,7
40.719584,-73.990486,Double Chicken Please,6.208590026096629,1,20.25,2.0,-0.9309301121554124,-0.20530013738608785,0
40.72634,-73.98447,mochii,5.3981627015177525,1,16.0,2.0,-0.6587530320174162,0.18590673733441762,0
40.735778901325,-74.007258262333,11th Street Cafe,5.123963979403259,1,16.0,2.0,-0.2784906574840332,-1.2959624261626264,10
40.714309,-73.990417,Little Canal,5.043425116919247,1,16.0,1.0,-1.1434425600131142,-0.20081322343000005,0
40.78438,-73.97392,Modern Bread and Bagel,5.971261839790462,1,16.0,2.0,1.6794881952179497,0.8719493783413438,1
40.7235879,-73.9879349,V-Nam Cafe,6.300785794663244,1,16.0,2.0,-0.7696261140553151,-0.03940787373896656,0
40.7462615966797,-73.984733581543,Her Name Is Han,7.510430556378006,1,20.25,2.0,0.14382275483361873,0.16876662568727466,7
40.7277,-73.98768,Van Leeuwen Ice Cream - East Village,6.9584483932976555,1,16.0,2.0,-0.6039630928541477,-0.022832303199264645,0
40.729036,-73.98712,Veselka,8.035926369891792,1,16.0,2.0,-0.5501400349700812,0.013583230351376815,0
40.7351713945047,-73.9932620867199,Joe Coffee Company,5.863631175598097,1,16.0,2.0,-0.3029651146352437,-0.38582277861632397,6
40.72454,-73.9965931,Housing Works Bookstore,6.395261598115449,1,20.25,1.0,-0.7312691279690114,-0.6024310390819541,0
40.72994,-73.99959,Third Rail Coffee,6.1675164908883415,1,16.0,1.0,-0.513720840114512,-0.7973126685449151,3
40.7530635290641,-73.984223271164,Blue Bottle Coffee - Bryant Park,5.749392985908253,1,16.0,2.0,0.4178503000794524,0.2019509555585552,4
40.72733557776672,-74.00026239325852,Jane Restaurant,8.17131687471973,1,16.0,2.0,-0.6186444693180594,-0.8410368815188137,3
40.76671,-73.98282,Turnstyle Underground Market,4.6913478822291435,1,16.0,2.0,0.9676218532944593,0.29320250583304797,8
40.72658,-73.98682,Awash Ethiopian Restaurant,5.940171252720432,1,16.0,2.0,-0.6490842192239656,0.033091551897254406,0
40.74786060320412,-73.98684282466675,Jongro Rice Hot Dog,5.293304824724492,1,20.25,1.0,0.20824148291780953,0.031607315436359994,7
40.728496,-73.9889284,Streecha,5.2832037287379885,1,20.25,1.0,-0.5718948637555598,-0.10401293192337341,0
40.7945827440822,-73.9337050382274,Love Cafe,5.231108616854587,1,20.25,1.0,2.090523289014162,3.487037395638398,8
40.747743,-73.989087,Gregorys Coffee,5.8805329864007,1,16.0,2.0,0.2035036355656054,-0.11432633124641799,7
40.718056,-73.988081,Essex Market,5.730099782973574,1,16.0,2.0,-0.9924882202742396,-0.04890842633116392,0
40.74207,-74.00565,Very Fresh Noodles,7.271008538280992,1,20.25,2.0,-0.025042926841533482,-1.1913807637588898,11
40.7422546402357,-74.0059581,Los Tacos No.1,8.24380842366528,1,20.25,2.0,-0.017604377370060383,-1.2114158099857133,11
40.718017,-73.996257,Deluxe Food Market,5.556828061699537,1,16.0,1.0,-0.9940594023529427,-0.5805752161775524,0
40.752132504861095,-73.99152656670547,Madman Espresso,5.736572297479192,1,16.0,2.0,0.38034238872484827,-0.2729658369846404,9
40.732464,-73.993832,Bagel Bob's,5.41164605185504,1,16.0,1.0,-0.4120371589025072,-0.42288295035345774,6
40.721988,-73.992466,Freemans,7.703459047867175,1,16.0,2.0,-0.8340808373399898,-0.3340550595838898,0
40.7204574688656,-73.9952510689421,Egg Shop,7.135687347028144,1,16.0,2.0,-0.8957409165618483,-0.5151617944111495,0
40.73068,-74.00202,Marie Blachere - Manhattan,4.948759890378168,1,16.0,1.0,-0.4839086673344436,-0.9553300730615334,3
40.7215934960083,-73.9955956044561,Lombardi's Pizza,8.795430805040018,1,16.0,2.0,-0.8499741091818529,-0.5375661597142243,0
40.71781,-73.99051,Roasting Plant,5.662960480135946,1,16.0,1.0,-1.0023987533874905,-0.20686080310946237,0
40.71839,-73.9917399,Vanessa's Dumpling House,7.951559331155252,1,16.0,1.0,-0.9790324558031513,-0.28683841867095616,0
40.766056,-73.980504,Carnegie Diner,6.159095388491933,1,16.0,2.0,0.9412743384319128,0.44380674816271337,8
40.71805,-73.99925,Kam Hing Bakery,6.812345094177479,1,20.25,1.0,-0.99272994059404,-0.7752032374606961,0
40.7468603,-73.984986,Keki Modern Cakes,6.214608098422191,1,20.25,2.0,0.16794254784547108,0.15235242427632137,7
40.71877,-73.99679,Golden Steamer,6.025865973825314,1,20.25,1.0,-0.9637235022134019,-0.6152350007898596,0
40.7311,-73.993241,Cafedelia,4.605170185988092,1,25.0,2.0,-0.46698824494583346,-0.3844515569093541,6
40.70649,-74.00354,Funny Face Bakery,6.0014148779611505,1,20.25,2.0,-1.4584444234822513,-1.0541722355573198,2
40.7192158508607,-73.9912822511308,Petee's Pie Company,6.818924065275521,1,20.25,1.0,-0.9457616334386347,-0.2570785476870117,0
40.71517,-73.99903,New Golden Fung Wong Bakery,4.700480365792417,1,16.0,1.0,-1.1087556941163061,-0.7608971349942736,0
40.730027,-74.000204,Munchiez by Mei Lai Wah,4.736198448394496,1,20.25,1.0,-0.5102158954768325,-0.8372396999740732,3
40.7211836,-73.9954365,Parisi Bakery,6.1463292576688975,1,20.25,2.0,-0.8664874748862984,-0.5272199567511389,0
40.7541983,-73.9843549,Breads Bakery,4.605170185988092,1,20.25,1.0,0.4635664990075493,0.19339143003407694,4
40.7092991,-74.0079162,Suited,4.897839799950911,1,20.25,2.0,-1.3452749984059615,-1.338746624711167,2
40.72008106034744,-73.9903375,Joey Bats Café,5.942799375126701,1,20.25,1.0,-0.910905181128317,-0.19564351822062895,0
40.727365,-73.986167,Abraco,6.827629234502852,1,16.0,2.0,-0.6174591440451073,0.07555466512735819,0
40.72347,-73.98866,The Lazy Llama Coffee Bar,5.049856007249537,1,20.25,2.0,-0.7743759183401102,-0.08655948691358027,0
40.72437,-73.99509,Cafe Belle,4.6443908991413725,1,20.25,1.0,-0.7381178703643126,-0.5046878453669162,0
40.7186499,-73.99499,Double Crispy Bakery,4.700480365792417,1,16.0,1.0,-0.9685619372820284,-0.49818507151829045,0
40.7182597,-73.9945592,Go Believe Bakery,4.454347296253507,1,16.0,1.0,-0.9842818154157249,-0.47017112177909776,0
40.72821,-73.98921,Le Petit Parisien,4.5217885770490405,1,16.0,2.0,-0.5834168656679578,-0.12232474308009843,0
40.729511,-74.001275,Manousheh - Bleecker,6.246106765481563,1,20.25,1.0,-0.5310038429828229,-0.9068844078912114,3
40.72699,-73.98922,Coffee Project New York | East Village,6.654152520183219,1,20.25,1.0,-0.6325666640349276,-0.12297502046514583,0
40.75446,-73.98554,Maman,4.718498871295094,1,16.0,2.0,0.4741095336246123,0.11632705715652353,4
40.72587,-73.98988,Kona Coffee Roasters - East Village,5.442417710521793,1,20.25,1.0,-0.6776877904047454,-0.16589332786441316,0
40.72443349387015,-73.99500657936929,La Churreria,5.958424693029782,1,16.0,1.0,-0.7355599105975377,-0.4992631904085316,0
40.71771,-73.99303,Harper's Bread House Inc.,4.430816798843313,1,16.0,1.0,-1.0064274253849286,-0.3707307040896592,0
40.71545,-73.99822,Sweet House Drinks and Desserts,4.564348191467836,1,16.0,1.0,-1.0974754125239947,-0.7082246668220675,0
40.75367233227906,-73.98509413722665,Ole & Steen,5.25227342804663,1,16.0,2.0,0.44237698471920023,0.14532050498152885,4
40.72816,-74.00172,Raffetto's,5.537334267018537,1,20.25,1.0,-0.5854312016663906,-0.9358217515165799,3
40.73005,-74.00417, Ubani,4.61512051684126,1,20.25,2.0,-0.5092893009175019,-1.095139710802369,3
40.7162999,-73.99496,Yaya Tea Garden,6.2878585601617845,1,16.0,1.0,-1.0632357292186743,-0.4962342393640723,0
40.7332899,-74.00619,Blackstone Coffee Roasters,4.852030263919617,1,20.25,2.0,-0.3787643568766749,-1.2264957425403606,10
40.72178,-73.99716,Bambina Blue,4.499809670330265,1,20.25,2.0,-0.842460475094409,-0.6392952640282967,0
40.733828,-73.993052,The Grey Dog - Union Square,7.080867896690782,1,16.0,2.0,-0.35708607285918087,-0.3721613143363938,6
40.7420723,-74.0056454,Seed + Mill,5.66988092298052,1,20.25,1.0,-0.024950267385657674,-1.1910816361620638,11
40.710558,-74.007594,Pisillo Italian Panini,6.582025138892826,1,20.25,2.0,-1.294558046632047,-1.31779468737163,2
40.722237,-73.9875259,Katz's Delicatessen,9.625161575008372,1,16.0,2.0,-0.8240494440668384,-0.012811528698659714,0
40.7284622192383,-73.988166809082,B&H Dairy,6.304448802421981,1,20.25,1.0,-0.5732557798425327,-0.05448839687559522,0
40.72314,-73.99016,Yonah Schimmel's Knish Bakery,6.55250788703459,1,16.0,1.0,-0.7876705359311406,-0.18410109464019592,0
40.7056896627839,-74.0083486272612,La Colombe Wall Street,5.214935757608986,1,20.25,2.0,-1.4906873847915034,-1.3668663915660326,2
40.71958,-73.99734,Gelso & Grand,7.273786317844895,1,20.25,2.0,-0.9310912590351841,-0.6510002569554536,0
40.7334023,-74.0049927,McNulty's Tea & Coffee Co,5.568344503761097,1,20.25,2.0,-0.3742361295517446,-1.1486380312532711,3
40.724678,-74.002624,Bistro Les Amis,6.133398042996649,1,16.0,2.0,-0.7257095606127415,-0.9946068271056442,3
40.71852,-73.98605,Davelle,6.030685260261263,1,16.0,2.0,-0.9737951822067108,0.0831629105292709,0
40.721433,-73.995689,Fiat Cafe,6.511745329644728,1,16.0,2.0,-0.8564399669252558,-0.5436394607185033,0
40.735256,-74.006309,Cafe Panino Mucho Giusto,4.844187086458591,1,20.25,2.0,-0.2995566367377919,-1.2342340434198373,10
40.7257318645125,-73.9946338116395,Bite,5.69035945432406,1,16.0,1.0,-0.683252816108144,-0.4750229479606956,0
40.7172143,-73.9949616,Teado Tea Shop,6.198478716492308,1,20.25,1.0,-1.0263975524753555,-0.49633828374501454,0
40.75919366932837,-73.98975277259541,Peachy Keen,6.169610732491456,1,20.25,2.0,0.6648135443015107,-0.15762001747070709,5
40.710715,-74.0123300674591,Blue Bottle Coffee,5.030437921392435,1,16.0,2.0,-1.288233031596218,-1.6257704435454405,2
40.729236,-74.000386,Sullivan Street Tea & Spice Company,4.442651256490317,1,20.25,2.0,-0.5420826909754913,-0.849074748378794,3
40.7268278898069,-73.9869972123936,Elsewhere Espresso,4.727387818712341,1,16.0,1.0,-0.6390975519892116,0.021567830709491462,0
40.719403,-73.997154,Alleva Dairy,5.241747015059643,1,16.0,2.0,-0.9382220084704433,-0.6389050975974531,0
40.768290433459775,-73.98287479880365,Bāng Bar,4.736198448394496,1,16.0,1.0,1.0312923335243125,0.2896390635603212,8
40.7192766,-73.9965565,Di Palo's,5.817111159963204,1,20.25,2.0,-0.9433142498750036,-0.6000510238533459,0
40.7328781769148,-73.9938826429885,Amorino Gelato,6.902742737158593,1,16.0,2.0,-0.39535132951657775,-0.4261761493655514,6
40.729401179008,-73.984412681264,Russo Mozzarella & Pasta,4.77912349311153,1,20.25,2.0,-0.5354281705347544,0.1896340451091067,0
40.71819,-73.99118,Soft Swerve,7.4821189235521155,1,20.25,2.0,-0.9870897997977411,-0.25042938789377706,0
40.74780114074976,-73.9873990376455,Heuk Hwa Dang,4.770684624465665,1,16.0,2.0,0.20584593567011827,-0.004561956687298631,7
40.729961,-74.000227,Surreal Creamery,5.214935757608986,1,20.25,2.0,-0.512874818994924,-0.8387353379591278,3
40.718431582680154,-73.9901878969007,Urban Dessert Lab,5.749392985908253,1,20.25,1.0,-0.9773572260120461,-0.1859151670027782,0
40.71891,-73.99482,Maiko Matcha Cafe,4.7535901911063645,1,20.25,2.0,-0.9580833614171032,-0.48713035597618093,0
40.71617,-73.9971,Koré Coffee,5.209486152841421,1,20.25,2.0,-1.0684689741433566,-0.6353935997198604,0
40.7293691,-73.9879042,Cha-An Bonbon,5.187385805840755,1,16.0,2.0,-0.5367205285471062,-0.03741152216773967,0
40.74699,-73.9854,Sundaes Best,4.762173934797756,1,20.25,2.0,0.17316773542577843,0.12543094054441492,7
40.7288,-73.98775,Xing Fu Tang,5.717027701406222,1,20.25,2.0,-0.5596477008837603,-0.027384244893672388,0
40.7189689,-74.0006772,Lazy Sundaes,4.912654885736052,1,20.25,2.0,-0.9557104736107277,-0.8680108258248689,0
40.72159619262751,-73.99304340136638,Morgenstern's Finest Ice Cream,7.333676395657684,1,16.0,2.0,-0.8498654712390563,-0.37160216463755436,0
40.7477351,-73.9862098,Delimanjoo,4.8283137373023015,1,16.0,1.0,0.2031853704778204,0.0727714779200576,7
40.7158246143014,-73.9914940147472,Sam's Fried Ice Cream,6.0844994130751715,1,20.25,2.0,-1.082383431065602,-0.27084905675509835,0
40.7076975,-74.0020983,Van Leeuwen Ice Cream - Seaport,5.123963979403259,1,16.0,2.0,-1.4097982091148182,-0.9604217449847358,2
40.7595642,-73.9884984,Amorino Gelato,6.826545223556594,1,16.0,2.0,0.6797410097109441,-0.07605100437465184,5
40.767213579329265,-73.98126836638254,Venchi,4.653960350157523,1,16.0,2.0,0.987909412716652,0.39410173093283124,8
40.717635,-73.992766,Smoove Ice Cream,5.332718793265369,1,20.25,2.0,-1.009448929382721,-0.35356338112976743,0
40.730022,-74.000152,Pommes Frites,7.028201432058005,1,20.25,2.0,-0.5104173290767616,-0.8338582575731205,3
40.7222353582629,-73.9870632693115,il laboratorio del gelato,7.249925536717988,1,16.0,2.0,-0.8241155842696573,0.01727229872710452,0
40.71393,-73.9985899,T-Swirl Crepe,5.5254529391317835,1,20.25,1.0,-1.1587112268829924,-0.7322784272870423,0
40.72549,-73.98803,MONO+MONO,6.784457062637643,1,16.0,2.0,-0.6929967439944947,-0.045592011668531066,0
40.7195874,-73.9964711492967,Milk & Cream Cereal Bar,7.039660349862076,1,20.25,2.0,-0.9307931373073347,-0.5945008606396284,0
40.736214,-74.000729,Elephant & Castle,6.317164686747284,1,16.0,2.0,-0.26096195900373215,-0.871379262678897,3
40.7199472254083,-73.9897212365881,BonBon - A Swedish Candy Co.,4.74493212836325,1,20.25,2.0,-0.9162969518441305,-0.1555693022343186,0
40.7471774721074,-73.987011312828,Ayza Wine & Chocolate Bar,7.655390644826152,1,16.0,2.0,0.18072037171960004,0.020650911348896947,7
40.72278,-73.99567,The Meadow,4.653960350157523,1,20.25,3.0,-0.8021737551214596,-0.5424039336876526,0
40.78379,-73.97825,Amorino Gelato,5.529429087511423,1,20.25,2.0,1.6557190304340383,0.5903792707054545,1
40.725456,-74.003027,Blue Ribbon Brasserie - SoHo,6.915723448631314,1,20.25,3.0,-0.694366492473555,-1.0208130057151075,3
40.7256895490098,-74.0010523796082,Chobani,6.5337888379333435,1,20.25,1.0,-0.684957568915797,-0.8924079072713713,3
40.721797,-73.98856,Chocolate Dip,4.465908118654584,1,16.0,2.0,-0.8417756008548789,-0.08005671306587851,0
40.7209790412755,-73.9910624415156,The Hideout Chai Bar,5.0369526024136295,1,20.25,1.0,-0.8747284749384734,-0.24278482551331024,0
40.72879,-74.00165,Dante,6.461468176353717,1,16.0,2.0,-0.5600505680836185,-0.9312698098221722,3
40.748280071327144,-73.98845807259094,Biao Sugar,6.0112671744041615,1,16.0,2.0,0.22514047772783247,-0.07342860416501071,7
40.72151,-73.98735,Van Leeuwen Ice Cream - Lower East Side,4.875197323201151,1,16.0,2.0,-0.8533378894871484,-0.0013731495000930331,0
40.72965,-74.00092,Mi Tea,5.170483995038151,1,20.25,2.0,-0.5254039889066817,-0.8837995607284971,3
40.73343,-74.00617,Employees Only,7.38770923908104,1,16.0,3.0,-0.373120187408618,-1.2251951877702658,10
40.73495,-74.00628,Leitao,4.912654885736052,1,20.25,3.0,-0.31188437304962036,-1.232348239003939,10
40.74822527534694,-73.9857786,Nan Xiang Xiao Long Bao - Manhattan,6.546785410760524,1,20.25,2.0,0.22293292741767093,0.1008114387540238,7
40.78282,-73.97834,Emack and Bolio's,5.802118375377063,1,16.0,2.0,1.6166409120600915,0.584526774241876,1
40.70853,-74.013628,Dragon Tea,5.049856007249537,1,20.25,2.0,-1.3762595147372054,-1.7101720613846665,2
40.73212,-74.00173,Varsano's Chocolate,4.812184355372417,1,20.25,2.0,-0.4258957905731674,-0.9364720289007032,3
40.71792477072888,-73.99945752883555,Chikarashi,6.26530121273771,1,16.0,2.0,-0.9977750171720805,-0.788698368306468,0
40.7074747,-74.0020404,Barbalu Restaurant,5.846438775057725,1,16.0,2.0,-1.4187740903249362,-0.9566566389264017,2
40.7254679,-73.9948038,Cha Cha Matcha,4.68213122712422,1,16.0,2.0,-0.6938870805059985,-0.4860769066124411,0
40.75456332126843,-73.98405306146913,Wafels & Dinges,5.7899601708972535,1,16.0,2.0,0.4782720086329611,0.21301930708414452,4
40.71798,-73.99042,Dudley's,6.93537044601511,1,16.0,2.0,-0.9955500109921894,-0.2010083066458839,0
40.7213813139202,-73.9950757664721,Wayan,6.480044561926653,1,16.0,3.0,-0.8585222295486671,-0.5037622712365045,0
40.726787,-74.001836,Mareluna,4.394449154672439,1,20.25,1.0,-0.6407448681894177,-0.9433649691801728,3
40.71489,-73.99856,Miss Du’s Tea Shop,5.0238805208462765,1,20.25,2.0,-1.1200359757089036,-0.7303340979062865,0
40.721971,-73.996098,Van Leeuwen Ice Cream - Nolita,4.6913478822291435,1,16.0,2.0,-0.83476571157952,-0.5702358057588102,0
40.7147185237041,-73.9977966218067,Taiwan Bear House,5.869296913133774,1,16.0,2.0,-1.1269441932237154,-0.6806933403880342,0
40.7206728,-73.9928878,Tache Artisan Chocolate,4.875197323201151,1,16.0,2.0,-0.8870659314485572,-0.36148375967727914,0
40.7296251968846,-74.0009496311209,I CE NY,6.385194398997726,1,16.0,1.0,-0.5264032250713225,-0.8857264055100111,3
40.76081681341628,-73.9912468,JOOY Tea Shoppe,4.7535901911063645,1,20.25,2.0,0.7302046956469693,-0.2547732408244522,5
40.732704,-74.00434640955953,Buvette,7.674617497364363,1,16.0,2.0,-0.4023683461090566,-1.1066112255055247,3
40.7314099,-74.00197,Le Gigot,5.442417710521793,1,16.0,3.0,-0.4545033904259916,-0.9520786861372205,3
40.7205157,-73.9981652,Compagnie des Vins Surnaturels,5.030437921392435,1,20.25,3.0,-0.8933949751564304,-0.7046611467530797,0
40.73405,-74.00642,Ready To Eat,4.532599493153256,1,16.0,2.0,-0.3481424210251317,-1.2414521223918304,10
40.74209942452239,-74.00542045775467,Fat Witch Bakery,6.09807428216624,1,16.0,2.0,-0.023857509347731048,-1.1764541506581416,11
40.72885,-73.98857,Kung Fu Tea,5.58724865840025,1,20.25,1.0,-0.5576333648850412,-0.08070699045000182,0
40.77972,-73.97752,Da Capo Columbus,5.117993812416755,1,16.0,2.0,1.491752080143519,0.6378495197991295,1
40.719135,-73.991758,LĒNA,5.41610040220442,1,20.25,2.0,-0.9490188494231537,-0.2880154207378735,0
40.720389,-73.991616,Roni-Sue's Chocolates,4.442651256490317,1,16.0,2.0,-0.8984993025771238,-0.2787814818724182,0
